$ 1 0.000005 10.20027730826997 50 5 43 5e-11
w -288 272 -144 272 0
w -272 96 -224 96 0
w 176 128 304 128 0
151 384 144 544 144 0 2 5 5
151 544 160 688 160 0 2 5 5
151 544 304 704 304 0 2 0 5
151 384 320 544 320 0 2 5 5
w 704 304 544 176 0
w 544 288 688 160 0
w 304 128 384 128 0
w 384 336 304 336 0
I 304 128 304 336 0 0.5 5
I -224 96 -224 304 0 0.5 5
w -144 304 -224 304 0
w -224 96 -144 96 0
L -272 96 -336 96 0 1 false 5 0
R -288 272 -336 272 1 2 25 2.5 2.5 0 0.5
w -144 128 -144 272 0
w 16 256 176 128 0
w 176 272 16 144 0
151 -144 288 16 288 0 2 5 5
151 16 272 176 272 0 2 0 5
151 16 128 176 128 0 2 5 5
151 -144 112 16 112 0 2 0 5
w -288 272 -288 384 0
w 384 384 384 304 0
w 384 304 384 160 0
I -288 384 384 384 0 0.5 5
M 688 160 736 160 0 2.5
M 704 304 736 304 0 2.5
M 176 128 176 64 0 2.5
M 176 272 176 208 0 2.5
