$ 1 0.000005 10.20027730826997 50 5 43 5e-11
f 304 176 368 176 32 1.5 0.02
f 432 176 496 176 32 1.5 0.02
w 432 32 432 64 0
w 432 96 432 128 0
w 432 128 496 128 0
w 432 128 368 128 0
w 368 128 368 160 0
w 496 128 496 160 0
w 496 224 432 224 0
w 368 192 368 224 0
w 432 224 368 224 0
g 432 224 432 256 0 0
w 496 192 496 224 0
R 432 0 432 -48 0 0 40 5 0 0 0.5
L 352 16 320 16 0 1 false 5 0
L 352 80 320 80 0 0 false 5 0
L 304 176 272 176 0 1 false 5 0
L 432 176 400 176 0 0 false 5 0
f 352 16 432 16 33 1.5 0.02
f 352 80 432 80 33 1.5 0.02
M 496 128 544 128 0 2.5
o 14 64 0 4099 5 0.00009765625 0 2 14 3
o 15 64 0 4099 0.0000762939453125 0.00009765625 1 2 15 3
o 16 64 0 4099 5 0.00009765625 2 2 16 3
o 17 64 0 4099 0.0000762939453125 0.00009765625 3 2 17 3
o 20 64 0 4098 0.0000762939453125 0.1 4 1
